{
  "advancedEditorSelectedIdentifier" : "ShaderGraphEditorPluginID",
  "openSceneRelativePaths" : [
    "Scene.usda"
  ],
  "recentIdentifiers" : {
    "26DBAE76-5DD8-47B6-A085-1B4ADA111097" : [

    ],
    "15714052-C5EC-461C-9D49-9C617EFAB3C4" : [

    ]
  },
  "sceneCameraHistory" : {
    "26DBAE76-5DD8-47B6-A085-1B4ADA111097" : [
      {
        "date" : 743233434.115398,
        "title" : "Untitled",
        "transform" : [
          -0.030991308,
          -1.5876809e-09,
          -0.9995196,
          0,
          -0.62475884,
          0.78057754,
          0.019371366,
          0,
          0.78020257,
          0.62505907,
          -0.024191137,
          0,
          12.573564,
          9.382917,
          0.7739681,
          1
        ]
      },
      {
        "date" : 743233055.021567,
        "title" : "Untitled",
        "transform" : [
          0.9129867,
          -7.7236884e-10,
          -0.40798932,
          0,
          -0.37588277,
          0.38883972,
          -0.8411397,
          0,
          0.15864246,
          0.9213054,
          0.35500547,
          0,
          1.6157608,
          14.223251,
          6.4669237,
          1
        ]
      },
      {
        "date" : 743233018.870832,
        "title" : "Untitled",
        "transform" : [
          0.9129867,
          -7.7236884e-10,
          -0.40798932,
          0,
          -0.37588277,
          0.38883972,
          -0.8411397,
          0,
          0.15864246,
          0.9213054,
          0.35500547,
          0,
          2.2381938,
          14.645066,
          5.094102,
          1
        ]
      },
      {
        "date" : 743232984.195473,
        "title" : "Untitled",
        "transform" : [
          0.9129867,
          -7.7236884e-10,
          -0.40798932,
          0,
          -0.37588277,
          0.38883972,
          -0.8411397,
          0,
          0.15864246,
          0.9213054,
          0.35500547,
          0,
          0.86454606,
          14.021769,
          7.3255167,
          1
        ]
      },
      {
        "date" : 743232504.93851,
        "title" : "Untitled",
        "transform" : [
          1,
          0,
          0,
          0,
          0,
          0.7071069,
          -0.7071067,
          0,
          0,
          0.7071067,
          0.7071069,
          0,
          -2.1994133,
          10.338998,
          11.802047,
          1
        ]
      },
      {
        "date" : 743232167.100414,
        "title" : "Untitled",
        "transform" : [
          1,
          0,
          0,
          0,
          0,
          0.7071069,
          -0.7071067,
          0,
          0,
          0.7071067,
          0.7071069,
          0,
          -1.0715243,
          10.225072,
          11.915972,
          1
        ]
      },
      {
        "date" : 743232110.494122,
        "title" : "Untitled",
        "transform" : [
          1,
          0,
          0,
          0,
          0,
          0.7071069,
          -0.7071067,
          0,
          0,
          0.7071067,
          0.7071069,
          0,
          -0.6410942,
          7.446267,
          14.694775,
          1
        ]
      },
      {
        "date" : 743232036.83308,
        "title" : "Untitled",
        "transform" : [
          1,
          0,
          0,
          0,
          0,
          0.7071069,
          -0.7071067,
          0,
          0,
          0.7071067,
          0.7071069,
          0,
          -1.0253062,
          8.523034,
          13.618008,
          1
        ]
      },
      {
        "date" : 743232033.542816,
        "title" : "Untitled",
        "transform" : [
          1,
          0,
          0,
          0,
          0,
          0.7071069,
          -0.7071067,
          0,
          0,
          0.7071067,
          0.7071069,
          0,
          -1.0158906,
          17.392937,
          4.748105,
          1
        ]
      },
      {
        "date" : 743232030.360028,
        "title" : "Untitled",
        "transform" : [
          1,
          0,
          0,
          0,
          0,
          0.7071069,
          -0.7071067,
          0,
          0,
          0.7071067,
          0.7071069,
          0,
          -1.551259,
          10.95046,
          11.190578,
          1
        ]
      }
    ],
    "15714052-C5EC-461C-9D49-9C617EFAB3C4" : [
      {
        "date" : 743232934.570702,
        "title" : "Untitled",
        "transform" : [
          0.18009186,
          -4.396516e-08,
          0.98364973,
          0,
          0.22844599,
          0.9726577,
          -0.041825064,
          0,
          -0.95675457,
          0.23224321,
          0.17516774,
          0,
          -0.4543129,
          0.23029971,
          0.080907635,
          1
        ]
      },
      {
        "date" : 743232862.861994,
        "title" : "Untitled",
        "transform" : [
          0.18009186,
          -4.396516e-08,
          0.98364973,
          0,
          0.22844599,
          0.9726577,
          -0.041825064,
          0,
          -0.95675457,
          0.23224321,
          0.17516774,
          0,
          -0.48187256,
          0.11295854,
          0.08595338,
          1
        ]
      },
      {
        "date" : 743232859.667155,
        "title" : "Untitled",
        "transform" : [
          0.18009168,
          -1.6332468e-08,
          0.98364985,
          0,
          0.22844604,
          0.97265774,
          -0.041825056,
          0,
          -0.95675457,
          0.23224321,
          0.1751676,
          0,
          -0.48187256,
          0.11295849,
          0.08595359,
          1
        ]
      },
      {
        "date" : 743232854.254634,
        "title" : "Untitled",
        "transform" : [
          0.18009159,
          -2.5594558e-09,
          0.9836498,
          0,
          0.22844604,
          0.9726578,
          -0.041825056,
          0,
          -0.9567547,
          0.23224324,
          0.1751675,
          0,
          -2.3791175,
          0.803405,
          0.7049426,
          1
        ]
      },
      {
        "date" : 743232844.390852,
        "title" : "Untitled",
        "transform" : [
          1,
          -0,
          0,
          0,
          0,
          0.7071069,
          -0.70710677,
          0,
          0,
          0.70710677,
          0.7071069,
          0,
          0.2649576,
          1.9761894,
          1.6813912,
          1
        ]
      },
      {
        "date" : 743232843.287991,
        "title" : "Untitled",
        "transform" : [
          1,
          0,
          0,
          0,
          0,
          0.7071069,
          -0.70710677,
          0,
          0,
          0.70710677,
          0.7071069,
          0,
          0.2649576,
          1.9761894,
          1.6813912,
          1
        ]
      },
      {
        "date" : 743232841.025568,
        "title" : "Untitled",
        "transform" : [
          1,
          0,
          0,
          0,
          0,
          0.7071069,
          -0.70710677,
          0,
          0,
          0.70710677,
          0.7071069,
          0,
          -0.83504254,
          1.6650634,
          1.9925172,
          1
        ]
      },
      {
        "date" : 743232838.387663,
        "title" : "Untitled",
        "transform" : [
          1,
          0,
          0,
          0,
          0,
          0.7071069,
          -0.70710677,
          0,
          0,
          0.70710677,
          0.7071069,
          0,
          -0.83504254,
          1.6650634,
          1.9925172,
          1
        ]
      },
      {
        "date" : 743232833.437903,
        "title" : "Untitled",
        "transform" : [
          1,
          0,
          0,
          0,
          0,
          0.7071069,
          -0.70710677,
          0,
          0,
          0.70710677,
          0.7071069,
          0,
          0.012312204,
          1.8126516,
          1.844929,
          1
        ]
      },
      {
        "date" : 743232830.039201,
        "title" : "Untitled",
        "transform" : [
          0.3391863,
          2.663822e-08,
          0.94071925,
          0,
          0.020349719,
          0.999766,
          -0.007337288,
          0,
          -0.9404991,
          0.021632254,
          0.33910698,
          0,
          -0.11448114,
          0.040441733,
          0.052171074,
          1
        ]
      }
    ]
  },
  "selectedSceneRelativePath" : "Scene.usda"
}