{
  "advancedEditorSelectedIdentifier" : "ProjectBrowser",
  "openSceneRelativePaths" : [
    "Scene.usda"
  ],
  "recentIdentifiers" : {
    "26DBAE76-5DD8-47B6-A085-1B4ADA111097" : [

    ],
    "15714052-C5EC-461C-9D49-9C617EFAB3C4" : [

    ],
    "AA2E582C-B038-4348-9156-0C4F5EAE2CC5" : [

    ]
  },
  "sceneCameraHistory" : {
    "26DBAE76-5DD8-47B6-A085-1B4ADA111097" : [
      {
        "date" : 743404266.766291,
        "title" : "Untitled",
        "transform" : [
          1,
          0,
          0,
          0,
          0,
          0.7071069,
          -0.70710677,
          0,
          0,
          0.70710677,
          0.7071069,
          0,
          -2.3062239,
          18.953068,
          25.066156,
          1
        ]
      },
      {
        "date" : 743399589.121494,
        "title" : "Untitled",
        "transform" : [
          1,
          0,
          0,
          0,
          0,
          0.7071069,
          -0.70710677,
          0,
          0,
          0.70710677,
          0.7071069,
          0,
          10.3224535,
          17.270584,
          26.74864,
          1
        ]
      },
      {
        "date" : 743399522.038836,
        "title" : "Untitled",
        "transform" : [
          1,
          0,
          0,
          0,
          0,
          0.7071069,
          -0.70710677,
          0,
          0,
          0.70710677,
          0.7071069,
          0,
          -0.15528703,
          21.216396,
          22.802832,
          1
        ]
      },
      {
        "date" : 743399325.795852,
        "title" : "Untitled",
        "transform" : [
          1,
          0,
          0,
          0,
          0,
          0.7071069,
          -0.70710677,
          0,
          0,
          0.70710677,
          0.7071069,
          0,
          -0.3704033,
          17.576889,
          26.442347,
          1
        ]
      },
      {
        "date" : 743399318.812604,
        "title" : "Untitled",
        "transform" : [
          1,
          0,
          0,
          0,
          0,
          0.7071069,
          -0.70710677,
          0,
          0,
          0.70710677,
          0.7071069,
          0,
          0,
          22.009613,
          22.009615,
          1
        ]
      },
      {
        "date" : 743399306.91619,
        "title" : "Untitled",
        "transform" : [
          1,
          0,
          0,
          0,
          0,
          0.7071069,
          -0.70710677,
          0,
          0,
          0.70710677,
          0.7071069,
          0,
          0,
          4.2824516,
          4.282452,
          1
        ]
      },
      {
        "date" : 743399258.565102,
        "title" : "Untitled",
        "transform" : [
          1,
          0,
          0,
          0,
          0,
          0.7071069,
          -0.70710677,
          0,
          0,
          0.70710677,
          0.7071069,
          0,
          -0.11459746,
          1.1361046,
          2.5214763,
          1
        ]
      },
      {
        "date" : 743399253.164982,
        "title" : "Untitled",
        "transform" : [
          -0.10668193,
          4.844196e-10,
          -0.9942932,
          0,
          -0.74664414,
          0.6603824,
          0.08011061,
          0,
          0.6566137,
          0.75092953,
          -0.070450865,
          0,
          48.09765,
          0.018358465,
          1.8760406,
          1
        ]
      },
      {
        "date" : 743399235.931478,
        "title" : "Untitled",
        "transform" : [
          -0.10668193,
          4.844196e-10,
          -0.9942932,
          0,
          -0.74664414,
          0.6603824,
          0.08011061,
          0,
          0.6566137,
          0.75092953,
          -0.070450865,
          0,
          22.690773,
          21.574215,
          -5.1582775,
          1
        ]
      },
      {
        "date" : 743399228.365111,
        "title" : "Untitled",
        "transform" : [
          -0.10668193,
          4.844196e-10,
          -0.9942932,
          0,
          -0.74664414,
          0.6603824,
          0.08011061,
          0,
          0.6566137,
          0.75092953,
          -0.070450865,
          0,
          22.103481,
          22.612103,
          0.43083763,
          1
        ]
      }
    ],
    "15714052-C5EC-461C-9D49-9C617EFAB3C4" : [
      {
        "date" : 743327405.007179,
        "title" : "Untitled",
        "transform" : [
          0.99695194,
          -4.5052545e-08,
          0.078018315,
          0,
          0.007521632,
          0.9953419,
          -0.09611395,
          0,
          -0.07765491,
          0.096407846,
          0.99230796,
          0,
          -0.0031582117,
          0.20398992,
          0.48615187,
          1
        ]
      },
      {
        "date" : 743327355.674494,
        "title" : "Untitled",
        "transform" : [
          0.99695194,
          -4.5052545e-08,
          0.078018315,
          0,
          0.007521632,
          0.9953419,
          -0.09611395,
          0,
          -0.07765491,
          0.096407846,
          0.99230796,
          0,
          -0.3174342,
          0.120390944,
          0.4696797,
          1
        ]
      },
      {
        "date" : 743327346.224502,
        "title" : "Untitled",
        "transform" : [
          0.9969518,
          -4.5052538e-08,
          0.07801831,
          0,
          0.007521632,
          0.9953419,
          -0.09611395,
          0,
          -0.07765491,
          0.096407846,
          0.99230796,
          0,
          -0.048977718,
          0.074049525,
          0.49519056,
          1
        ]
      },
      {
        "date" : 743327075.82414,
        "title" : "Untitled",
        "transform" : [
          0.18009186,
          -4.396516e-08,
          0.98364973,
          0,
          0.22844599,
          0.9726577,
          -0.041825064,
          0,
          -0.95675457,
          0.23224321,
          0.17516774,
          0,
          -0.47655612,
          0.14169896,
          0.076886505,
          1
        ]
      },
      {
        "date" : 743327013.906476,
        "title" : "Untitled",
        "transform" : [
          0.18009186,
          -4.396516e-08,
          0.98364973,
          0,
          0.22844599,
          0.9726577,
          -0.041825064,
          0,
          -0.95675457,
          0.23224321,
          0.17516774,
          0,
          -0.47655612,
          0.14169896,
          0.076886505,
          1
        ]
      },
      {
        "date" : 743327000.42381,
        "title" : "Untitled",
        "transform" : [
          0.18009186,
          -4.396516e-08,
          0.98364973,
          0,
          0.22844599,
          0.9726577,
          -0.041825064,
          0,
          -0.95675457,
          0.23224321,
          0.17516774,
          0,
          -0.4799504,
          0.13466614,
          0.06767166,
          1
        ]
      },
      {
        "date" : 743326974.888137,
        "title" : "Untitled",
        "transform" : [
          0.18009186,
          -4.396516e-08,
          0.98364973,
          0,
          0.22844599,
          0.9726577,
          -0.041825064,
          0,
          -0.95675457,
          0.23224321,
          0.17516774,
          0,
          -0.4670713,
          0.13306463,
          0.14013964,
          1
        ]
      },
      {
        "date" : 743232934.570702,
        "title" : "Untitled",
        "transform" : [
          0.18009186,
          -4.396516e-08,
          0.98364973,
          0,
          0.22844599,
          0.9726577,
          -0.041825064,
          0,
          -0.95675457,
          0.23224321,
          0.17516774,
          0,
          -0.4543129,
          0.23029971,
          0.080907635,
          1
        ]
      },
      {
        "date" : 743232862.861994,
        "title" : "Untitled",
        "transform" : [
          0.18009186,
          -4.396516e-08,
          0.98364973,
          0,
          0.22844599,
          0.9726577,
          -0.041825064,
          0,
          -0.95675457,
          0.23224321,
          0.17516774,
          0,
          -0.48187256,
          0.11295854,
          0.08595338,
          1
        ]
      },
      {
        "date" : 743232859.667155,
        "title" : "Untitled",
        "transform" : [
          0.18009168,
          -1.6332468e-08,
          0.98364985,
          0,
          0.22844604,
          0.97265774,
          -0.041825056,
          0,
          -0.95675457,
          0.23224321,
          0.1751676,
          0,
          -0.48187256,
          0.11295849,
          0.08595359,
          1
        ]
      }
    ],
    "AA2E582C-B038-4348-9156-0C4F5EAE2CC5" : [
      {
        "date" : 743327494.308578,
        "title" : "Untitled",
        "transform" : [
          0.99999994,
          0,
          0,
          0,
          0,
          0.8660254,
          -0.49999994,
          0,
          0,
          0.49999994,
          0.8660254,
          0,
          0.007884745,
          0.16092637,
          0.43103793,
          1
        ]
      },
      {
        "date" : 743327488.592724,
        "title" : "Untitled",
        "transform" : [
          0.99999994,
          0,
          0,
          0,
          0,
          0.8660254,
          -0.49999994,
          0,
          0,
          0.49999994,
          0.8660254,
          0,
          0.007884745,
          0.16092637,
          0.43103793,
          1
        ]
      },
      {
        "date" : 743327450.325112,
        "title" : "Untitled",
        "transform" : [
          0.99999994,
          0,
          0,
          0,
          0,
          0.8660254,
          -0.49999994,
          0,
          0,
          0.49999994,
          0.8660254,
          0,
          0.0043558665,
          0.15634242,
          0.43368447,
          1
        ]
      },
      {
        "date" : 743327427.626186,
        "title" : "Untitled",
        "transform" : [
          0.99999994,
          0,
          0,
          0,
          0,
          0.8660254,
          -0.49999994,
          0,
          0,
          0.49999994,
          0.8660254,
          0,
          0.024529435,
          0.15500554,
          0.4344563,
          1
        ]
      },
      {
        "date" : 743327416.145461,
        "title" : "Untitled",
        "transform" : [
          0.99999994,
          0,
          0,
          0,
          0,
          0.8660254,
          -0.49999994,
          0,
          0,
          0.49999994,
          0.8660254,
          0,
          0.014005013,
          0.14130709,
          0.44236505,
          1
        ]
      },
      {
        "date" : 743327396.125575,
        "title" : "Untitled",
        "transform" : [
          0.99999994,
          0,
          -0,
          0,
          -0,
          0.8660254,
          -0.49999994,
          0,
          0,
          0.49999994,
          0.8660254,
          0,
          0,
          0.22687641,
          0.39296153,
          1
        ]
      }
    ],
    "B2531B3A-F895-4981-8BE6-61174B51CF3F" : [
      {
        "date" : 743327532.128289,
        "title" : "Untitled",
        "transform" : [
          0.99999994,
          0,
          -0,
          0,
          -0,
          0.8660254,
          -0.49999994,
          0,
          0,
          0.49999994,
          0.8660254,
          0,
          0,
          0.22687641,
          0.39296153,
          1
        ]
      }
    ]
  },
  "selectedSceneRelativePath" : "Scene.usda"
}