{
  "advancedEditorSelectedIdentifier" : "ProjectBrowser",
  "openSceneRelativePaths" : [

  ],
  "recentIdentifiers" : {
    "26DBAE76-5DD8-47B6-A085-1B4ADA111097" : [

    ],
    "15714052-C5EC-461C-9D49-9C617EFAB3C4" : [

    ],
    "AA2E582C-B038-4348-9156-0C4F5EAE2CC5" : [

    ]
  },
  "sceneCameraHistory" : {
    "26DBAE76-5DD8-47B6-A085-1B4ADA111097" : [
      {
        "date" : 743327670.97767,
        "title" : "Untitled",
        "transform" : [
          1,
          0,
          -0,
          0,
          -0,
          0.7071069,
          -0.7071067,
          0,
          0,
          0.7071067,
          0.7071069,
          0,
          8.046627e-07,
          22.24783,
          22.247835,
          1
        ]
      },
      {
        "date" : 743327667.211978,
        "title" : "Untitled",
        "transform" : [
          1,
          0,
          0,
          0,
          0,
          0.7071069,
          -0.70710677,
          0,
          0,
          0.70710677,
          0.7071069,
          0,
          -0.41574684,
          1.2335112,
          2.424069,
          1
        ]
      },
      {
        "date" : 743326864.703334,
        "title" : "Untitled",
        "transform" : [
          1,
          0,
          0,
          0,
          0,
          0.7071069,
          -0.70710677,
          0,
          0,
          0.70710677,
          0.7071069,
          0,
          -0.11451606,
          1.4878256,
          2.1697545,
          1
        ]
      },
      {
        "date" : 743326859.502082,
        "title" : "Untitled",
        "transform" : [
          1,
          0,
          0,
          0,
          0,
          0.7071069,
          -0.70710677,
          0,
          0,
          0.70710677,
          0.7071069,
          0,
          -0.11451606,
          1.4878256,
          2.1697545,
          1
        ]
      },
      {
        "date" : 743326853.585158,
        "title" : "Untitled",
        "transform" : [
          1,
          0,
          0,
          0,
          0,
          0.7071069,
          -0.70710677,
          0,
          0,
          0.70710677,
          0.7071069,
          0,
          -0.11819587,
          1.8611221,
          1.7964582,
          1
        ]
      },
      {
        "date" : 743326850.951403,
        "title" : "Untitled",
        "transform" : [
          -0.030991308,
          -1.5876809e-09,
          -0.9995196,
          0,
          -0.62475884,
          0.78057754,
          0.019371366,
          0,
          0.78020257,
          0.62505907,
          -0.024191137,
          0,
          0.47246933,
          0.3197875,
          -23.667685,
          1
        ]
      },
      {
        "date" : 743326790.018024,
        "title" : "Untitled",
        "transform" : [
          -0.030991308,
          -1.5876809e-09,
          -0.9995196,
          0,
          -0.62475884,
          0.78057754,
          0.019371366,
          0,
          0.78020257,
          0.62505907,
          -0.024191137,
          0,
          0.5303382,
          0.19386096,
          -25.26174,
          1
        ]
      },
      {
        "date" : 743326708.355823,
        "title" : "Untitled",
        "transform" : [
          -0.030991308,
          -1.5876809e-09,
          -0.9995196,
          0,
          -0.62475884,
          0.78057754,
          0.019371366,
          0,
          0.78020257,
          0.62505907,
          -0.024191137,
          0,
          0.5303382,
          0.19386096,
          -25.26174,
          1
        ]
      },
      {
        "date" : 743326701.705008,
        "title" : "Untitled",
        "transform" : [
          -0.030991308,
          -1.5876809e-09,
          -0.9995196,
          0,
          -0.62475884,
          0.78057754,
          0.019371366,
          0,
          0.78020257,
          0.62505907,
          -0.024191137,
          0,
          0.53189707,
          0.19257016,
          -25.244816,
          1
        ]
      },
      {
        "date" : 743326665.953298,
        "title" : "Untitled",
        "transform" : [
          -0.030991308,
          -1.5876809e-09,
          -0.9995196,
          0,
          -0.62475884,
          0.78057754,
          0.019371366,
          0,
          0.78020257,
          0.62505907,
          -0.024191137,
          0,
          11.7772,
          9.599184,
          -19.322111,
          1
        ]
      }
    ],
    "15714052-C5EC-461C-9D49-9C617EFAB3C4" : [
      {
        "date" : 743327405.007179,
        "title" : "Untitled",
        "transform" : [
          0.99695194,
          -4.5052545e-08,
          0.078018315,
          0,
          0.007521632,
          0.9953419,
          -0.09611395,
          0,
          -0.07765491,
          0.096407846,
          0.99230796,
          0,
          -0.0031582117,
          0.20398992,
          0.48615187,
          1
        ]
      },
      {
        "date" : 743327355.674494,
        "title" : "Untitled",
        "transform" : [
          0.99695194,
          -4.5052545e-08,
          0.078018315,
          0,
          0.007521632,
          0.9953419,
          -0.09611395,
          0,
          -0.07765491,
          0.096407846,
          0.99230796,
          0,
          -0.3174342,
          0.120390944,
          0.4696797,
          1
        ]
      },
      {
        "date" : 743327346.224502,
        "title" : "Untitled",
        "transform" : [
          0.9969518,
          -4.5052538e-08,
          0.07801831,
          0,
          0.007521632,
          0.9953419,
          -0.09611395,
          0,
          -0.07765491,
          0.096407846,
          0.99230796,
          0,
          -0.048977718,
          0.074049525,
          0.49519056,
          1
        ]
      },
      {
        "date" : 743327075.82414,
        "title" : "Untitled",
        "transform" : [
          0.18009186,
          -4.396516e-08,
          0.98364973,
          0,
          0.22844599,
          0.9726577,
          -0.041825064,
          0,
          -0.95675457,
          0.23224321,
          0.17516774,
          0,
          -0.47655612,
          0.14169896,
          0.076886505,
          1
        ]
      },
      {
        "date" : 743327013.906476,
        "title" : "Untitled",
        "transform" : [
          0.18009186,
          -4.396516e-08,
          0.98364973,
          0,
          0.22844599,
          0.9726577,
          -0.041825064,
          0,
          -0.95675457,
          0.23224321,
          0.17516774,
          0,
          -0.47655612,
          0.14169896,
          0.076886505,
          1
        ]
      },
      {
        "date" : 743327000.42381,
        "title" : "Untitled",
        "transform" : [
          0.18009186,
          -4.396516e-08,
          0.98364973,
          0,
          0.22844599,
          0.9726577,
          -0.041825064,
          0,
          -0.95675457,
          0.23224321,
          0.17516774,
          0,
          -0.4799504,
          0.13466614,
          0.06767166,
          1
        ]
      },
      {
        "date" : 743326974.888137,
        "title" : "Untitled",
        "transform" : [
          0.18009186,
          -4.396516e-08,
          0.98364973,
          0,
          0.22844599,
          0.9726577,
          -0.041825064,
          0,
          -0.95675457,
          0.23224321,
          0.17516774,
          0,
          -0.4670713,
          0.13306463,
          0.14013964,
          1
        ]
      },
      {
        "date" : 743232934.570702,
        "title" : "Untitled",
        "transform" : [
          0.18009186,
          -4.396516e-08,
          0.98364973,
          0,
          0.22844599,
          0.9726577,
          -0.041825064,
          0,
          -0.95675457,
          0.23224321,
          0.17516774,
          0,
          -0.4543129,
          0.23029971,
          0.080907635,
          1
        ]
      },
      {
        "date" : 743232862.861994,
        "title" : "Untitled",
        "transform" : [
          0.18009186,
          -4.396516e-08,
          0.98364973,
          0,
          0.22844599,
          0.9726577,
          -0.041825064,
          0,
          -0.95675457,
          0.23224321,
          0.17516774,
          0,
          -0.48187256,
          0.11295854,
          0.08595338,
          1
        ]
      },
      {
        "date" : 743232859.667155,
        "title" : "Untitled",
        "transform" : [
          0.18009168,
          -1.6332468e-08,
          0.98364985,
          0,
          0.22844604,
          0.97265774,
          -0.041825056,
          0,
          -0.95675457,
          0.23224321,
          0.1751676,
          0,
          -0.48187256,
          0.11295849,
          0.08595359,
          1
        ]
      }
    ],
    "AA2E582C-B038-4348-9156-0C4F5EAE2CC5" : [
      {
        "date" : 743327494.308578,
        "title" : "Untitled",
        "transform" : [
          0.99999994,
          0,
          0,
          0,
          0,
          0.8660254,
          -0.49999994,
          0,
          0,
          0.49999994,
          0.8660254,
          0,
          0.007884745,
          0.16092637,
          0.43103793,
          1
        ]
      },
      {
        "date" : 743327488.592724,
        "title" : "Untitled",
        "transform" : [
          0.99999994,
          0,
          0,
          0,
          0,
          0.8660254,
          -0.49999994,
          0,
          0,
          0.49999994,
          0.8660254,
          0,
          0.007884745,
          0.16092637,
          0.43103793,
          1
        ]
      },
      {
        "date" : 743327450.325112,
        "title" : "Untitled",
        "transform" : [
          0.99999994,
          0,
          0,
          0,
          0,
          0.8660254,
          -0.49999994,
          0,
          0,
          0.49999994,
          0.8660254,
          0,
          0.0043558665,
          0.15634242,
          0.43368447,
          1
        ]
      },
      {
        "date" : 743327427.626186,
        "title" : "Untitled",
        "transform" : [
          0.99999994,
          0,
          0,
          0,
          0,
          0.8660254,
          -0.49999994,
          0,
          0,
          0.49999994,
          0.8660254,
          0,
          0.024529435,
          0.15500554,
          0.4344563,
          1
        ]
      },
      {
        "date" : 743327416.145461,
        "title" : "Untitled",
        "transform" : [
          0.99999994,
          0,
          0,
          0,
          0,
          0.8660254,
          -0.49999994,
          0,
          0,
          0.49999994,
          0.8660254,
          0,
          0.014005013,
          0.14130709,
          0.44236505,
          1
        ]
      },
      {
        "date" : 743327396.125575,
        "title" : "Untitled",
        "transform" : [
          0.99999994,
          0,
          -0,
          0,
          -0,
          0.8660254,
          -0.49999994,
          0,
          0,
          0.49999994,
          0.8660254,
          0,
          0,
          0.22687641,
          0.39296153,
          1
        ]
      }
    ],
    "B2531B3A-F895-4981-8BE6-61174B51CF3F" : [
      {
        "date" : 743327532.128289,
        "title" : "Untitled",
        "transform" : [
          0.99999994,
          0,
          -0,
          0,
          -0,
          0.8660254,
          -0.49999994,
          0,
          0,
          0.49999994,
          0.8660254,
          0,
          0,
          0.22687641,
          0.39296153,
          1
        ]
      }
    ]
  }
}
